0.000000 4018118
65.000000 2811966
45.000000 4408292
27.000000 5804278
86.000000 1152276
32.000000 5438056
7.000000 7413384
80.000000 1636286
78.000000 1807008
11.000000 7083172
35.000000 5183358
44.000000 4495390
84.000000 1302046
57.000000 3430588
67.000000 2648082
41.000000 4731448
22.000000 6189520
2.000000 7845020
1.000000 7926430
75.000000 2035450
77.000000 1878228
54.000000 3670014
10.000000 7159268
12.000000 7000058
43.000000 4568994
83.000000 1381548
62.000000 3031572
3.000000 7758928
81.000000 1555532
9.000000 7232552
69.000000 2487752
14.000000 6849828
16.000000 6692950
68.000000 2561338
15.000000 6783248
5.000000 7585016
72.000000 2263426
56.000000 3504458
30.000000 5581072
73.000000 2189602
49.000000 4077830
33.000000 5349936
25.000000 5965204
61.000000 3115964
4.000000 7681392
48.000000 4158064
60.000000 3185334
8.000000 7326992
29.000000 5659428
82.000000 1477884
24.000000 6035046
59.000000 3268646
37.000000 5035032
21.000000 6274844
23.000000 6120490
26.000000 5881288
39.000000 4886168
76.000000 1961794
63.000000 2959752
28.000000 5741352
71.000000 2339176
70.000000 2416694
18.000000 6527064
31.000000 5509526
74.000000 2122490
6.000000 7505872
42.000000 4655792
20.000000 6358038
85.000000 1224928
58.000000 3341774
64.000000 2889124
13.000000 6928692
50.000000 4001852
19.000000 6441358
53.000000 3758966
47.000000 4241652
51.000000 3924384
79.000000 1725316
38.000000 4972110
40.000000 4812014
17.000000 6613528
66.000000 2729672
55.000000 3585026
52.000000 3836430
46.000000 4335200
34.000000 5265864
36.000000 5118118
97.000000 242764
87.000000 1075772
89.000000 922904
88.000000 997618
95.000000 411282
91.000000 762080
90.000000 841188
93.000000 587806
94.000000 489202
96.000000 319730
98.000000 158000
99.000000 74880
92.000000 678122
