0.000000 59788
58.523500 341804
31.144823 408430
65.787537 94820
25.942244 216186
75.325958 74536
71.470274 80318
64.404969 193124
83.198558 49586
43.657760 158894
59.413803 229430
22.203603 468402
35.777088 181578
69.462220 259140
32.756679 392532
9.219544 562722
97.324200 11006
14.142136 397796
53.009433 273468
76.531039 70084
60.373835 107252
29.000000 315780
81.859636 54596
72.945185 150340
11.704700 271836
51.971146 269210
97.082439 123606
96.519428 42284
96.135321 20358
49.648766 565108
58.137767 353946
102.552426 36016
52.611786 141372
13.601471 526574
98.488578 53498
98.030607 15728
34.828150 180900
94.641429 73802
29.206164 200206
62.968246 406734
65.368188 94550
30.463092 203348
94.005319 20292
63.560994 205124
19.209373 238536
47.885280 142728
47.010637 600070
59.682493 227866
17.204651 246408
82.006097 166222
72.670489 76334
63.505905 207818
63.600314 200846
55.009090 265222
36.138622 187804
68.468971 94238
91.285267 74682
60.728906 110198
74.966659 144386
70.256672 90018
35.805028 178488
46.097722 619688
32.249031 398772
76.216796 137036
106.000000 14454
23.086793 471692
12.529964 267140
89.442719 70958
69.641941 252216
76.321688 206116
59.481089 225128
53.254108 124470
6.708204 290060
77.155687 66178
28.792360 209360
77.833155 128842
48.166378 297674
62.008064 221048
84.929382 45028
84.053554 101000
40.360872 162302
68.000000 139368
38.470768 358806
93.059121 54886
87.863531 82944
93.048375 50366
73.430239 74588
69.000000 49340
109.772492 7488
54.120237 254964
15.297059 263496
24.041631 339086
31.256999 211502
97.144223 19744
38.209946 359066
56.568542 187532
106.943911 9996
62.769419 202114
52.952809 138194
75.133215 142430
41.231056 497662
52.201533 397348
38.275318 348262
96.540147 47348
77.077883 132426
56.222771 249046
25.179357 231810
94.894678 46938
99.403219 44944
53.758720 388066
61.204575 119866
59.816386 106262
53.535035 124016
27.784888 208032
42.449971 322028
50.803543 276728
18.867962 241178
81.006173 118046
60.605280 103786
60.008333 237062
64.884513 192298
93.434469 56792
70.837843 161352
10.630146 272854
21.470911 232806
39.395431 171198
38.910153 171228
60.216277 105186
39.698866 164596
63.780875 95820
96.020831 44548
65.306967 196140
30.232433 197754
92.574294 56306
84.344532 46374
19.104973 491830
74.060786 152630
98.086696 19882
45.793013 146474
7.000000 148866
83.630138 104614
63.820060 96308
42.154478 163242
45.254834 72562
109.293184 11158
81.055537 117566
85.440037 137680
40.162171 173350
80.305666 59306
23.323808 224222
60.835845 106212
90.553851 109076
81.394103 226134
92.048900 53532
70.092796 167060
58.940648 116776
41.048752 343962
47.434165 290492
57.870545 242396
48.270074 289070
34.481879 378006
87.206651 129016
89.560036 65862
52.773099 268574
97.406365 17914
76.157731 204642
47.539457 296574
85.708809 42946
26.925824 646366
29.529646 202396
44.821870 148820
58.309519 353994
42.047592 342868
92.439169 58640
37.735925 173464
14.764823 257912
41.725292 158252
55.317267 247044
44.045431 323956
33.615473 378568
95.189285 85902
98.234414 59822
35.000000 285058
39.560081 347928
77.897368 128830
74.404301 71498
89.627005 73598
70.710678 206640
48.836462 285746
33.060551 208860
99.161484 16878
45.607017 303768
31.400637 401958
94.873600 32334
53.823787 123096
30.016662 421968
30.265492 215708
68.249542 178258
94.339811 76424
87.000000 68656
84.970583 48384
54.817880 249028
75.610846 69158
82.219219 163338
57.070132 126192
25.019992 235860
59.506302 109748
73.756356 149190
90.785461 76698
28.653098 205854
46.043458 313160
79.397733 61448
61.911227 102888
81.939002 53846
65.000000 440364
90.520716 73238
56.797887 117148
42.426407 251054
60.827625 325404
89.899944 37260
52.630789 260470
9.055385 286820
23.430749 222602
73.054774 76008
41.109610 511212
28.460499 211436
25.709920 224298
92.763139 61766
17.464249 502046
72.111026 242608
74.330344 440910
78.924014 61994
98.493655 41338
77.233412 136260
63.063460 205536
58.412327 109990
4.242641 150408
72.013888 78160
98.954535 9942
68.264193 183358
77.025970 138000
54.626001 124270
97.267672 14730
53.935146 135914
43.840620 76010
57.801384 225494
72.249567 160008
90.443352 72388
29.154759 629936
68.425142 87844
93.637599 26452
44.294469 153402
23.345235 458182
41.340053 161518
30.083218 413926
50.774009 131396
47.127487 149864
83.006024 211520
49.162994 155624
27.802878 204996
33.376639 201710
52.172790 140146
79.812280 119184
62.297673 104392
62.369865 209012
66.030296 199268
18.601075 242860
73.082146 76056
17.262677 256752
21.000000 125928
96.317184 15706
24.186773 456202
98.792712 41862
40.792156 174582
89.375612 43206
51.400389 129994
100.439036 30946
59.033889 468484
57.628118 112636
36.619667 176964
58.249464 231038
37.013511 373814
49.396356 278504
39.204592 352914
95.131488 81596
79.429214 60308
97.718985 16024
39.357337 169396
54.781384 124882
83.570330 50036
68.622154 171434
68.117545 184776
50.358713 150270
44.000000 88834
18.110770 256528
34.014703 397260
29.120440 211566
7.211103 287660
88.102213 40906
16.031220 266238
91.787799 93606
8.544004 283924
43.104524 175070
56.302753 238888
25.806976 214180
24.596748 220730
76.902536 66092
62.361847 107032
112.361025 6588
58.694122 462898
57.218878 130818
98.270036 36028
79.056942 188048
27.000000 117172
66.128662 93976
90.271812 72082
85.158675 44876
33.015148 398720
85.510233 43388
93.621579 51602
62.585941 108178
80.081209 57640
71.700767 162896
32.695565 193348
50.249378 418466
68.007353 366246
51.039201 284660
95.000000 41468
72.862885 75008
64.536811 195718
75.186435 71268
82.389320 53244
91.005494 58366
36.055513 564344
60.207973 449396
29.427878 214762
28.635642 423028
94.047860 108792
14.317821 526170
42.720019 484306
21.400935 230224
15.132746 265804
58.000000 177866
87.641314 39012
50.009999 304938
26.076810 444898
41.194660 179282
76.026311 212304
64.938432 101904
92.309263 30810
91.416629 67250
5.099020 300862
79.120162 120798
51.855569 127712
72.532751 77492
70.178344 254532
21.954498 228684
102.083299 38288
96.462428 38932
27.586228 206940
46.647615 144546
67.007462 193062
44.922155 158152
64.621978 97874
28.301943 205364
21.189620 237114
35.057096 202848
21.260292 231740
74.793048 70938
16.155494 254646
73.736016 73718
47.169906 453052
91.049437 69026
45.803930 147114
38.013156 541402
39.623226 345814
72.006944 325118
57.140179 245834
89.498603 76096
106.470653 9988
39.000000 271672
74.813100 146058
60.083276 111918
69.310894 83450
51.623638 538774
45.354162 158802
100.900942 10922
67.801180 85802
49.739320 135962
88.600226 118342
59.203040 223214
43.600459 153398
14.212670 258158
40.311289 678624
33.541020 390188
34.409301 183606
103.831594 14940
37.363083 183482
73.925638 146622
18.384776 366182
70.064256 93416
81.633327 55124
99.368003 14654
76.059187 279028
80.056230 240394
41.400483 158794
66.887966 89864
84.811556 51152
62.817195 106236
52.153619 276312
95.336247 35028
47.801674 289306
54.571055 130610
84.059503 51158
53.160135 132770
47.518417 158270
16.278821 508290
37.054015 197206
55.226805 372696
80.156098 181102
53.712196 251044
34.669872 184248
50.477718 133152
54.644304 121752
105.190304 20568
93.471921 30716
69.318107 85336
72.069411 77184
84.000000 25682
63.245553 201404
91.836812 37908
84.219950 102624
78.006410 134816
43.566042 324300
72.801099 228732
95.707889 42110
52.810984 132952
69.202601 83522
85.982556 48068
100.179838 18068
56.035703 254612
68.410526 175048
55.000000 190234
39.824616 332782
84.172442 195906
46.518813 148216
49.335586 144036
55.901699 367322
37.121422 371236
43.185646 327470
73.681748 152396
68.883960 350524
40.607881 340416
40.706265 165120
39.458839 181500
57.314920 241822
37.202150 175104
71.568149 164616
20.615528 712784
75.286121 139518
45.486262 147696
51.478151 409574
93.600214 35818
61.032778 335018
61.741396 104102
104.100913 16904
35.608988 178722
94.244363 24510
45.177428 318786
91.137259 28140
90.448881 29826
75.292762 69916
18.357560 243104
58.591808 112604
64.637450 94450
87.817994 43334
90.138782 180386
101.257099 23930
87.143560 39540
68.709534 86756
68.308125 88812
18.681542 248550
54.203321 244732
19.798990 118024
68.963759 172776
69.634761 168908
33.241540 784426
93.744333 55208
58.600341 222880
90.757920 31662
91.082380 59760
62.481997 98602
42.379240 163004
71.400280 78256
35.902646 189328
35.114100 187248
96.254870 93296
60.745370 213268
104.785495 7708
91.809586 36960
85.866175 88866
43.863424 307876
45.694639 152430
61.269895 105186
66.068147 196116
106.850363 13418
96.046864 63114
67.601775 184278
34.885527 186228
50.931326 130034
106.066017 21336
59.808026 111700
32.000000 107562
69.892775 166274
44.102154 325768
39.924930 170690
73.600272 73754
47.074409 153594
49.578221 133250
35.693137 192460
28.600699 202570
51.264022 135606
36.715120 176542
53.235327 269210
32.015621 610306
107.703296 11564
92.617493 37268
18.248288 253932
52.000000 210146
82.346828 53384
30.149627 217410
2.236068 309302
61.773781 102958
49.203658 134676
78.790862 61526
20.518285 233904
73.552702 153400
79.649231 120154
16.643317 249296
43.931765 315798
79.309520 244608
39.217343 175668
24.698178 442568
70.455660 169090
104.709121 13180
75.451971 69438
51.156622 149512
87.555697 38106
25.298221 222366
85.492690 47042
76.576759 67582
31.906112 194154
29.068884 627560
81.541401 111940
64.629715 105032
95.603347 52540
95.268043 33656
7.280110 290766
79.831072 58438
93.150416 33242
90.956033 29984
77.929455 64810
16.492423 257586
77.878110 128920
38.587563 172594
7.615773 286860
99.644368 22758
100.846418 34470
84.291162 100242
39.812058 347320
12.369317 271350
36.769553 268016
22.090722 243720
82.377181 106930
49.497475 218678
55.443665 250694
35.355339 469374
93.300589 52540
56.080300 490624
87.281155 78764
71.028163 171234
69.656299 82504
33.734256 198982
8.944272 282000
80.603970 115812
48.507731 302260
51.923020 137390
57.035077 134706
66.098411 193658
50.089919 290852
104.043260 21828
75.026662 149398
70.235319 82376
92.347171 52260
95.775780 32914
55.461698 121004
7.810250 285766
47.507894 282728
34.438351 187968
36.124784 374316
34.058773 388848
72.560320 157152
60.415230 328720
46.173586 319714
32.572995 197870
20.248457 475266
87.091905 167380
69.180922 93846
82.024387 85330
10.770330 273766
17.088007 251384
74.886581 70584
88.566359 75516
46.400431 143502
12.806248 263886
103.368274 11366
80.993827 113908
65.604878 91962
52.392748 268712
66.407831 92884
81.743501 108508
84.693565 47822
65.253352 98682
56.850682 114392
64.381674 200614
89.493016 35134
45.000000 236516
47.296934 152256
110.145359 6508
58.077534 130760
89.202018 77186
64.412732 96982
63.031738 213848
59.640590 106478
88.204308 79620
77.472576 65462
17.000000 382446
84.011904 47504
74.006756 81852
31.016125 418974
76.243032 67700
84.118963 97976
41.182521 163122
97.015463 26788
87.931792 38196
44.687806 148830
61.131007 230958
32.388269 205610
73.878278 72236
90.873539 34932
71.175839 168066
75.073298 70200
91.443972 54706
93.037627 30652
67.896981 180228
93.407708 88848
42.011903 339674
9.899495 138338
19.924859 241466
71.196910 162224
68.447060 177690
49.979996 139774
45.276926 463572
27.294688 435858
22.803509 457358
71.063352 251586
67.977938 88648
51.351728 147852
36.674242 367314
80.062476 117784
69.339743 83702
92.590496 32390
86.648716 42022
95.900991 48558
88.887569 35772
35.468296 364528
66.189123 196284
12.041595 543680
35.510562 375640
53.907328 122722
77.006493 140138
20.024984 252662
61.294372 325198
87.920419 83638
26.248809 431186
72.835431 155708
85.702975 185426
84.148678 102046
11.000000 141644
91.235958 34882
94.021274 113476
69.028979 179908
48.259714 296384
37.000000 283838
73.790243 74288
61.619802 101462
49.244289 425360
64.257295 98432
26.019224 235296
59.236813 111848
20.000000 363062
36.687873 184164
44.944410 303494
45.099889 170182
99.624294 51596
5.000000 448986
78.057671 68674
82.607506 52590
44.721360 316438
104.847508 17402
114.280357 5258
49.010203 161352
42.953463 327344
60.299254 121316
48.104054 284968
83.096330 107582
39.115214 354636
38.327536 368020
43.011626 497038
66.483081 376380
59.941638 107984
33.105891 192730
67.208630 87510
32.310989 196518
111.220502 9208
54.083269 394670
81.706793 54622
52.924474 130172
66.640828 91112
80.212219 59342
94.921020 98160
75.927597 138298
42.520583 155510
66.528190 89496
36.496575 191288
66.850580 182126
35.341194 185936
95.524866 94010
54.671748 120196
78.771822 249826
86.977008 169368
77.665951 129500
65.551506 94988
55.946403 239614
34.205263 376774
99.478641 22334
6.403124 293392
38.639358 184868
88.051122 37928
53.338541 267094
57.428216 241602
93.477270 66086
75.663730 211192
2.828427 153104
46.010868 314590
93.776330 26854
66.910388 97238
38.832976 351602
45.343136 146736
30.413813 608684
63.953108 204094
78.854296 61868
93.193347 56454
27.018512 438146
105.394497 16774
46.840154 151996
47.095647 163764
30.610456 196136
71.112587 169246
29.832868 410650
37.483330 361466
80.622577 231618
45.967380 143204
29.698485 99432
13.038405 538990
28.160256 436086
62.032250 223932
31.764760 195926
57.982756 167234
24.083189 454672
90.708324 30392
66.610810 188978
61.400326 431996
93.605555 61914
90.354856 66606
53.084838 145816
100.404183 23484
1.414214 156486
77.317527 68802
59.059292 109848
50.289164 140842
57.775427 115852
52.497619 259708
77.278716 65954
10.049876 283874
26.305893 227468
74.431176 149208
74.545288 75278
44.553339 315322
85.586214 141896
81.884064 107808
81.467785 57682
82.292162 54142
89.005618 74244
63.788714 211336
67.535176 89430
62.289646 214260
69.526973 83208
20.808652 232694
34.132096 388832
38.948684 338364
21.931712 458926
79.479557 59206
55.326305 135240
48.703183 145164
15.264338 254822
25.000000 560754
97.739450 26532
96.932967 20966
89.358827 74306
91.547802 98066
39.012818 191680
26.172505 440590
41.000000 267604
49.819675 281036
38.052595 193220
35.846897 364248
31.827661 191596
86.005814 88484
5.385165 296654
73.061618 159222
44.384682 316276
80.721744 59730
95.021050 16242
8.602325 280656
45.398238 164782
71.344236 165652
74.464757 144870
48.000000 83210
16.970563 124304
62.513998 110998
58.258047 109976
56.586217 113886
15.620499 252120
64.078077 98904
61.188234 113752
69.115845 179776
64.195015 209922
81.596569 54510
55.578773 133296
96.176920 97864
64.350602 190566
44.204072 150526
75.006666 150112
65.299311 186686
50.328918 271322
103.942292 15764
43.829214 307252
26.000000 335320
70.611614 84584
79.246451 123158
50.695167 278038
8.246211 286216
56.859476 232650
38.626416 176128
79.075913 183876
83.815273 149852
9.433981 277670
40.853396 167668
99.020200 71928
80.280757 116674
43.046487 334150
95.047357 15884
86.023253 134968
70.035705 169210
67.468511 93322
75.213031 69462
105.209315 18486
70.661163 81868
19.026298 256102
85.287748 44484
84.581322 47482
29.966648 202412
69.065187 179868
53.600373 394274
92.962358 58690
14.560220 263152
88.684835 75458
69.079664 86230
24.515301 229820
91.268834 65312
54.332311 137862
50.219518 277628
45.880279 308180
58.668561 111278
74.249579 145284
55.470713 239494
36.878178 361588
89.196412 80322
43.416587 641978
81.841310 111318
97.452553 30784
78.390050 124906
65.734314 190780
15.811388 509854
76.485293 203614
89.089842 34022
41.617304 157926
83.258633 51162
35.171011 191350
104.623133 35308
71.421285 78966
98.600203 28270
72.062473 87040
37.107951 186500
62.425956 99846
64.070274 208678
94.085068 19424
70.724819 159868
87.726849 87526
67.119297 370192
85.023526 47452
44.181444 169796
40.521599 171984
43.000000 91134
37.215588 367144
49.091751 295112
72.498276 76758
28.178006 209196
95.351980 16394
72.235725 77704
33.941125 92264
56.400355 114758
67.475922 185308
27.166155 225912
81.584312 54246
69.778220 83130
62.625873 202760
62.393910 215820
32.449961 189830
82.734515 159884
83.384651 101040
101.074230 17864
81.043198 55766
45.705580 162380
73.817342 72808
49.929951 135286
48.010416 303452
58.728187 108378
90.094395 30522
65.069194 202010
83.294658 51336
19.646883 245154
99.045444 30356
76.941536 134292
34.785054 190060
8.000000 146790
81.908486 53480
39.051248 535880
60.671245 117288
49.406477 135946
89.470666 76538
61.073726 224358
58.821765 224402
94.868330 55348
87.298339 37834
56.515485 126126
6.324555 293630
24.020824 240460
60.440053 215994
22.022716 475326
77.201036 131640
48.332184 144050
93.861600 58830
30.675723 203588
25.632011 220748
38.078866 532432
53.740115 62002
95.210294 54746
42.190046 335988
51.009803 155008
23.537205 232776
72.422372 155136
44.777226 306746
96.747093 38368
63.631753 98492
82.097503 111026
79.404030 243858
60.307545 104588
93.904207 19852
71.021124 164826
38.897301 344172
47.759816 147118
94.831429 20104
89.961103 36880
16.552945 252492
25.079872 454476
76.655072 136630
47.042534 165214
107.424392 13870
48.918299 135402
3.605551 302894
74.953319 107498
99.929975 11524
52.839379 127876
51.195703 142574
27.658633 424004
82.492424 105984
62.128898 218396
50.960769 140366
93.984041 26156
13.152946 271496
29.681644 200550
53.851648 384960
76.118329 70196
74.632433 143726
73.164199 152744
93.648278 52456
61.814238 112976
30.528675 198364
85.375641 87786
46.669048 71472
37.802116 172102
53.665631 126326
97.616597 55008
31.953091 198424
80.956779 111980
31.384710 395018
88.323270 78802
83.486526 206442
76.295478 68900
91.760558 59216
60.033324 233578
75.802375 207906
54.129474 258946
70.405966 85104
86.884981 39636
58.180753 226636
98.838252 21500
44.654227 150260
89.050547 149758
66.573268 89928
33.837849 378812
63.812225 96276
83.240615 155788
69.971423 82328
49.477268 146326
109.077954 10096
38.418745 169582
64.899923 94420
41.593269 336190
26.570661 216810
81.565924 57362
8.062258 574474
98.979796 35988
93.134312 22218
30.479501 196300
94.111636 57910
101.133575 14630
96.566040 66904
65.053824 46744
11.661904 268726
27.892651 217384
91.021975 68256
57.271284 240822
51.078371 135734
9.848858 277936
96.260064 62776
70.114193 91910
94.810337 61810
63.529521 99074
91.923882 138978
15.033296 269154
54.918121 253964
95.036835 17218
78.517514 128216
62.201286 217278
74.000000 114868
74.108029 80098
78.714675 61888
59.093147 112186
34.365681 199300
77.620873 194456
85.906926 88456
98.351411 44886
88.617154 44870
84.593144 46552
65.459911 189090
36.069378 176964
68.593003 177998
83.600239 102616
16.763055 253326
85.802098 48750
91.197588 27766
55.362442 250838
82.975900 104594
48.020829 141086
81.301906 113410
57.706152 239374
23.000000 122840
83.677954 47786
57.939624 116266
55.081757 268998
62.801274 209046
46.529560 307690
57.008771 493366
90.426766 147050
61.351447 107570
35.227830 378162
13.000000 406036
56.142675 135430
65.855903 90504
21.540659 234894
13.928388 263814
55.973208 240024
68.183576 97524
76.164296 73674
52.402290 125196
29.732137 405706
59.405387 107560
55.731499 131336
56.603887 115978
81.344945 114328
78.089692 64786
72.449983 153284
40.816663 164010
75.312682 72274
85.615419 89544
32.557641 391082
72.401657 76706
97.493590 34316
30.000000 309960
79.624117 119840
45.221676 305138
97.862148 30166
56.920998 120152
86.815897 43758
70.292247 80686
102.415819 36246
96.674712 31360
63.348244 106022
17.117243 260164
59.439044 117372
70.774289 81252
20.591260 233284
67.742158 182148
55.713553 122342
75.425460 72500
84.599054 99174
11.180340 550114
56.718604 129400
55.542776 250368
72.201108 154160
11.401754 544916
68.942005 85460
82.462113 160326
29.410882 410692
65.620119 102328
81.320354 113678
65.924199 193940
22.472205 459416
68.095521 86886
77.058419 71524
61.983869 218690
46.754679 143086
86.683332 128828
22.360680 469254
40.447497 179080
48.373546 295604
50.039984 156692
59.615434 111006
87.200917 45774
10.000000 418204
22.000000 124594
32.140317 209844
41.484937 169434
34.234486 200722
89.738509 32582
85.146932 190010
82.619610 55420
41.436699 344208
107.070071 13962
52.801515 255738
69.296465 41398
110.981981 8480
91.662424 26574
86.764048 43796
90.249654 66156
10.198039 281580
70.007142 260336
36.400549 546110
18.439089 490982
92.444578 26642
18.027756 751010
65.764732 286254
89.888820 75126
71.847060 159268
26.907248 209420
80.777472 170240
48.383882 146978
23.853721 222808
10.440307 276696
46.270941 163630
89.274856 77180
3.000000 155140
72.173402 85848
62.177166 101860
71.007042 92356
41.773197 330640
63.976558 99278
100.647901 36230
22.561028 236512
51.244512 288600
97.943861 48668
44.598206 306364
53.075418 123412
61.465437 106176
75.432089 139238
61.684682 214650
106.230881 19790
58.549125 124350
60.876925 215220
78.492038 126878
60.108236 103554
86.348133 41410
86.267027 73082
92.027170 29226
101.390335 17702
15.556349 126030
86.284413 88684
42.438190 157256
66.940272 94396
90.609050 71628
72.443081 82294
64.132675 103562
60.464866 105232
62.169124 213424
103.870111 9418
92.114060 66434
29.614186 212358
47.634021 141006
87.664132 163476
13.341664 269202
52.430907 127898
91.782351 26590
40.718546 168038
17.720045 250596
94.762862 52254
80.523289 56536
56.727418 115406
98.681305 15588
65.863495 92024
25.495098 660868
82.565126 102754
82.225300 52290
88.119237 77804
106.023582 7198
88.277970 36006
62.609903 101830
39.293765 178768
52.478567 128734
99.639350 32798
103.730420 24404
94.254973 23758
61.554854 102060
73.006849 312870
88.955045 71268
62.649820 314154
89.844310 33160
98.081599 67664
67.779053 88614
33.286634 189204
80.659779 59224
61.522354 217326
106.437775 8734
28.844410 204468
12.165525 274332
88.232647 81498
4.123106 302724
96.041658 28872
70.213959 333612
31.304952 198308
31.780497 401418
40.496913 334448
54.744863 133158
83.234608 53360
94.493386 34946
33.526109 193304
32.984845 199266
92.195445 120534
70.519501 82730
59.000000 65916
99.569072 25356
97.672924 41176
37.696154 178310
44.283180 322056
81.835200 111788
76.557168 67208
67.067131 194804
78.294317 125906
102.902867 20682
39.446166 167692
96.400207 31192
66.730802 183284
80.006250 123086
52.325902 192222
63.694584 100188
82.710338 50728
47.707442 141034
16.124515 514870
98.183502 33504
102.956301 27830
70.936591 159914
92.655275 125872
96.213305 31494
94.556861 23276
67.675697 176928
88.814413 77166
35.440090 188620
30.594117 210538
87.022985 41556
58.420887 125290
68.731361 92600
80.950602 56478
107.074740 15756
89.643739 42510
90.620086 33912
54.147945 140854
90.801982 134562
51.088159 282110
95.718337 29800
72.339477 83334
3.162278 306528
91.678787 100550
64.761099 101094
78.409183 128264
107.912001 22382
19.416488 487908
101.242284 40240
100.424101 33026
102.396289 19382
20.396078 245352
75.059976 77560
91.706052 98564
86.330759 86670
87.005747 87728
26.476405 224352
82.873397 102166
82.280010 105270
65.391131 95264
94.201911 54086
66.370174 193800
70.576200 169136
40.012498 188962
71.449283 163514
93.391648 23088
27.459060 430592
62.936476 202268
85.234969 94538
36.249138 181790
58.008620 244956
60.000000 170792
13.416408 262304
51.865210 264414
47.853944 296798
56.320511 256008
58.034473 132106
95.519631 22580
97.800818 44022
83.546394 102450
39.319207 184912
78.917679 61792
97.164808 11290
67.052218 92166
89.988888 32312
40.261644 174318
19.235384 490746
56.364883 117554
76.843998 132620
92.200868 38310
17.029386 507928
61.392182 111716
34.000000 292506
40.049969 186576
73.783467 73132
46.861498 142132
10.295630 275322
66.400301 90388
42.485292 159538
52.009614 277938
98.898938 19046
60.016664 117662
56.648036 120016
67.623960 176962
57.974132 119374
37.336309 371960
64.660653 188586
33.600595 185886
94.260278 53438
31.048349 204942
19.313208 242466
67.230945 179922
95.015788 63710
57.306195 114756
40.804412 332360
18.973666 245556
41.146081 164496
52.038447 150606
60.638272 113708
60.406953 230114
73.539105 111668
59.169249 110336
38.183766 84952
42.000000 92366
92.021737 65162
83.773504 49688
57.078893 133848
55.217751 118808
78.025637 69476
41.880783 158482
84.717177 45662
78.000000 99654
84.403791 98116
35.014283 205314
32.893768 195374
34.539832 187984
91.438504 39452
79.762146 60098
30.066593 219150
21.095023 476132
70.604532 164150
48.764741 286468
99.297533 65864
50.209561 132122
80.099938 61456
71.784399 79884
56.753854 125678
82.861330 51106
42.107007 178138
70.491134 81790
90.199778 30582
113.740934 6938
63.071388 215232
54.708317 249516
87.658428 87798
90.077744 36064
94.826157 28742
92.086915 62374
87.321246 171504
75.166482 215684
54.424259 126250
40.000000 260662
68.066144 193712
96.083297 12782
89.403579 42706
78.236820 63316
44.011362 334812
33.421550 185290
58.830264 110668
71.168813 162292
50.000000 356192
54.009258 146326
101.192885 9288
95.854056 23774
33.970576 184866
57.280014 231924
56.612719 238872
46.818800 149232
57.688820 112664
30.805844 405328
55.036352 263450
50.566788 136072
94.704805 25160
39.597980 82618
45.891176 160108
72.622311 75730
28.861739 213528
93.171884 23232
74.242845 150980
88.056800 37096
65.802736 187578
97.308787 51542
47.413078 143556
22.847319 228002
96.420952 12196
61.846584 315844
43.324358 161956
53.150729 405108
40.224371 164610
72.180330 158538
78.262379 126444
36.359318 177692
86.052310 93194
108.706026 22664
69.584481 90444
89.872131 83426
14.000000 137730
94.578010 56508
53.263496 123218
59.841457 119072
21.633308 230054
78.644771 125832
71.589105 316154
103.227903 20650
92.973114 27470
104.278473 9544
84.528102 95000
46.227697 144120
80.498447 58290
79.227520 63624
92.005435 63788
66.000000 54968
33.136083 208124
90.470990 66006
85.000000 215718
74.686009 71496
14.866069 515228
64.288413 101002
92.395887 24512
92.541882 23268
62.241465 202706
29.017236 225004
68.600292 171088
93.536089 51944
96.840074 16612
61.008196 124870
54.405882 250452
50.990195 407362
68.242216 85810
16.000000 134350
36.013886 201370
95.273291 49950
65.276336 104942
80.230917 116252
71.693793 157148
58.215118 128042
11.045361 282892
96.187317 12526
25.553865 217338
21.377558 242984
37.536649 170788
24.839485 216970
84.095184 99328
56.462377 120626
77.801028 64546
95.754895 40092
49.040799 582578
33.955854 197190
92.070625 25398
83.000000 27410
59.464275 219086
74.846510 70842
84.202138 99726
28.442925 217928
70.349129 88494
92.265920 24462
73.498299 148416
101.592323 10612
112.680966 5594
53.460266 140190
107.377838 12744
45.541190 318734
85.211502 94500
74.323617 73392
48.826222 136358
47.381431 297846
74.094534 144668
108.166538 13298
79.195959 31480
93.295230 33582
71.119618 80012
86.145226 83908
68.352030 87896
72.034714 79932
84.905830 49530
48.301139 141160
23.021729 467894
44.418465 151148
100.578328 9248
55.803226 117400
100.089960 14372
85.052925 46586
88.000000 19430
54.341513 133052
43.081318 159698
93.230896 64374
49.769469 139088
43.139309 154908
31.064449 411546
21.840330 235856
68.876701 86714
49.254441 154628
84.899941 96026
66.272166 101810
77.388630 129568
20.099751 249656
113.441615 6382
21.213203 360474
88.255311 39034
57.723479 122020
40.199502 182906
69.007246 97830
62.096699 107758
99.201814 37864
36.235342 354980
100.498756 48344
17.492856 247644
32.202484 385822
91.087870 28660
76.550637 133670
55.785303 127078
92.698436 66596
67.720012 90400
63.568860 101312
50.537115 134520
70.384657 82876
105.948101 16152
74.027022 154626
80.808415 116042
29.274562 217972
95.078915 44798
38.000000 98800
50.159745 291390
64.845971 292410
70.767224 79226
71.217975 78482
80.324343 57768
92.956979 37486
99.282425 19982
24.738634 226308
88.509886 42556
92.913939 58008
56.938563 115342
43.680659 162870
98.883770 22226
29.546573 204740
111.305885 7246
57.558666 127812
91.350972 67738
84.005952 51120
88.729927 44508
109.416635 8756
49.365980 151798
101.950969 10444
48.662100 152020
77.987178 64836
57.384667 230500
75.643903 69652
74.215901 74288
75.239617 145754
104.694795 9344
9.486833 280230
51.662365 267476
87.475711 37292
46.141088 147758
52.554733 133050
104.235311 34724
24.166092 223406
90.244113 31042
46.324939 300216
44.147480 163328
88.526832 80628
98.005102 68606
52.239832 146396
50.911688 65624
23.194827 239054
75.272837 70878
47.423623 286558
106.677083 12342
82.540899 52066
88.588938 40756
98.762341 12134
49.658836 138896
82.152298 109342
46.690470 301528
28.284271 321906
61.611687 212582
54.230987 265524
73.824115 223910
90.027773 73092
77.369245 130906
96.166522 35218
75.584390 139674
45.650849 148938
43.278170 152190
96.026038 14658
44.643029 160036
18.000000 130836
37.643060 353120
96.881371 13580
106.174385 12302
70.830784 163590
81.492331 110404
88.141931 77866
64.124878 110882
64.474801 97428
73.979727 149842
47.000000 84690
62.265560 101558
1.000000 158134
7.071068 439540
79.705709 59760
74.411021 70852
32.280025 201962
28.231188 210420
100.304536 13306
22.135944 233060
74.518454 71094
20.124612 237272
75.960516 137450
57.201399 113374
86.833173 171426
51.894123 131876
101.843016 8876
106.329676 13360
93.005376 84722
46.872167 300538
89.185201 75942
78.160092 131016
52.086467 149350
89.269256 66382
82.855296 105656
45.122057 160222
96.104110 15788
55.865911 116096
49.517674 134522
99.724621 54824
54.037024 265494
39.408121 165130
91.214034 68894
63.198101 112080
24.000000 120826
73.239334 74644
44.271887 158584
62.072538 118560
72.346389 76370
38.118237 192898
21.587033 238578
28.000000 114810
87.418534 45650
47.201695 141904
48.093659 161142
51.419841 141228
20.223748 246342
35.128336 201362
33.120990 189806
72.993150 78898
92.703829 30560
67.542579 89054
31.890437 191968
102.342562 21204
98.478424 34170
86.406018 43802
27.073973 226660
73.409809 149384
77.162167 134944
112.605506 7844
106.780148 14818
86.469648 40722
77.794601 129020
73.355300 74486
33.000000 107640
15.000000 390082
79.906195 120806
70.228199 82986
82.036577 110628
77.103826 270240
72.567210 78766
73.348483 151570
45.188494 151782
46.000000 86640
86.313383 135730
63.007936 215598
98.671171 13956
87.114867 47500
28.017851 435682
66.708320 277028
69.354164 344784
77.524190 131930
63.906181 99860
46.238512 149966
102.181212 8720
42.544095 320080
90.255194 30450
69.050706 90430
63.639610 156372
72.367120 79222
62.681736 100402
81.098705 58826
80.112421 58378
102.318131 9990
88.294960 35964
68.818602 84750
107.615055 30020
55.072679 120782
76.850504 66384
91.482239 28666
23.600847 223262
95.005263 16236
65.946948 91024
66.648331 91380
81.000000 30696
74.276510 72300
84.864598 99510
100.603181 25412
2.000000 155932
28.425341 203428
97.529483 38658
39.661064 165774
104.009615 18500
69.921384 85186
78.313473 65786
41.785165 165624
56.435804 248204
65.513357 192344
24.758837 217460
99.924972 23482
63.150614 107886
52.345009 270078
65.795137 185570
59.135438 240262
31.240999 194014
32.062439 211682
80.653580 114056
86.400231 89426
44.407207 317100
32.649655 381886
87.800911 82906
96.628153 12064
17.691806 244332
51.000000 211594
78.102497 195210
87.051709 40608
90.669730 29210
91.525953 38094
77.781746 98604
99.959992 13550
25.238859 216822
88.005682 83866
43.965896 161728
100.657836 38872
111.139552 6066
42.201896 327074
51.312766 130126
99.859902 24380
63.285069 209448
76.105190 73662
28.071338 224546
103.788246 11354
64.202804 94546
12.206556 265952
59.665736 221796
30.870698 199346
65.215029 92812
86.492774 39932
107.540690 12368
83.761566 51750
85.005882 48066
27.202941 426166
94.540996 45478
81.154174 113492
69.835521 83690
74.946648 141700
90.934042 28102
71.505245 78260
110.113578 25632
83.522452 48776
42.059482 325704
45.011110 172798
92.660671 33828
98.615415 48670
37.576588 177058
97.652445 29082
72.780492 78224
40.249224 166686
6.082763 295722
57.245087 235012
84.723078 95934
85.041167 50980
82.073138 56622
94.366308 103822
23.769729 456692
71.840100 156720
99.984999 25236
41.303753 178636
75.709973 69978
83.354664 51854
108.406642 24442
56.356011 118816
83.408633 53184
101.769347 12046
82.800966 54552
96.384646 50330
31.575307 206232
95.885348 14662
95.770559 27630
85.475143 90462
108.452755 12078
31.622777 395276
95.294281 28198
67.082039 185926
75.106591 76994
110.788086 7348
71.309186 161782
83.216585 154202
19.000000 128844
85.796270 94620
5.830952 293650
79.755878 59546
94.725920 18482
78.847955 60950
69.570109 84534
50.119856 135208
104.000000 7838
83.150466 52184
94.593869 20044
75.769387 67914
54.589376 258190
54.561891 244994
93.557469 21568
93.914855 29416
93.509358 35760
49.030603 148864
90.476516 32970
66.037868 92080
107.331263 6972
59.774577 113422
91.394748 30222
93.343452 21046
92.314679 38460
53.310412 128228
64.280635 108366
50.487622 148766
76.922038 132046
104.201727 32816
67.178866 88326
77.466122 130924
113.207774 5284
70.028566 94258
65.115282 194316
79.158070 124114
59.396970 53974
105.437185 18114
73.545904 75586
96.602277 24906
13.892444 259510
78.339007 62294
84.480767 92838
98.386991 21706
84.380092 96314
38.600518 349136
95.414884 31462
48.041649 162794
74.672619 146618
60.539243 215548
40.112342 185788
96.834911 30088
66.760767 92920
85.726309 43212
93.680307 24180
95.257546 42654
94.371606 51004
81.024688 229822
98.716767 38158
93.085982 58500
59.539903 230730
78.638413 63388
87.595662 39128
63.134776 99250
64.498062 202046
96.208108 54022
102.528045 8492
46.486557 150872
97.416631 81666
88.090862 82066
89.157165 37278
89.067390 39820
36.221541 196840
64.815122 94080
55.108983 131960
66.287254 188542
90.603532 40334
43.737855 167056
91.591484 27046
77.884530 62910
74.148500 74420
83.186537 101844
60.133186 123342
65.192024 390114
57.584720 117102
77.129761 65874
69.814039 81676
64.007812 212140
37.947332 179534
103.445638 18334
72.917762 151668
34.928498 380202
92.000000 13060
53.225934 128412
97.349884 28342
100.124922 50542
26.400758 427150
88.645361 34900
97.293371 13220
58.796258 108052
46.957428 146686
78.746428 125142
82.807005 55300
35.735137 187508
77.414469 132344
30.364453 206162
105.683490 17192
55.659680 124524
97.005155 40580
101.597244 17902
58.051701 232402
83.438600 26914
92.097774 38566
19.849433 236656
71.512237 79682
81.614950 55260
27.513633 213726
50.447993 275576
78.230429 129054
30.886890 198690
82.764727 156688
71.561163 78960
91.607860 38702
13.453624 262024
51.546096 136568
89.319651 36860
68.680419 173630
87.692645 84188
76.694198 134134
79.849859 58954
94.530418 17910
66.468037 44552
83.360662 49368
104.216122 10972
70.000000 130000
50.921508 137842
39.849718 174858
76.967526 65824
95.963535 30288
26.419690 213690
86.092973 89630
63.324561 205784
73.661387 73296
34.525353 198376
58.463664 119958
86.122006 41934
101.355809 20024
25.612497 214410
96.767763 18238
69.260378 178886
55.605755 117918
89.022469 113636
60.802960 103752
72.718636 75460
85.328776 43646
74.652528 71386
89.810912 76568
79.025312 128472
45.453273 146642
68.796802 85220
94.191295 19052
57.454330 114466
37.161808 178980
20.880613 239412
25.961510 222800
96.509067 13604
71.554175 79526
53.450912 130668
82.054860 56290
108.784190 8080
92.227978 25192
61.000000 176536
89.000000 57336
38.483763 174066
75.690158 137912
62.000000 60762
14.035669 272076
88.238314 84650
68.029405 189122
23.706539 224556
86.034877 43834
87.361319 38580
91.241438 103376
95.713113 26556
38.288379 169254
41.629317 164142
91.000000 48160
103.247276 49498
98.812955 27526
76.478755 67336
31.000000 109658
103.077641 50082
93.941471 80232
50.596443 140890
35.383612 179144
46.615448 293422
73.246160 306494
68.505474 84694
52.886671 135244
90.049986 70322
56.044625 124562
23.409400 228744
80.361682 57532
41.677332 160574
53.037722 271952
78.816242 62342
70.434367 80378
105.688221 17822
79.699435 58832
105.118980 58762
89.805345 74530
59.908263 221364
46.389654 162370
95.383437 29244
75.742986 69100
24.413111 220796
99.458534 9790
59.548300 106344
49.193496 139432
26.683328 222344
110.639053 6168
92.179173 60578
92.417531 62856
94.413982 29738
52.469038 142638
59.076222 237374
59.363288 108776
89.822046 32148
72.000000 44616
47.675990 156474
78.549348 124418
73.593478 73528
102.000000 17126
59.211485 124640
45.044423 171684
69.426220 171708
94.429868 45272
19.723083 238216
59.304300 124300
49.729267 144628
70.880181 82712
66.219333 186206
61.660360 113596
75.591005 69180
101.019800 57426
84.077345 50096
75.716577 68574
89.106678 76886
50.606324 265398
79.208585 62338
81.437092 55690
96.607453 54552
94.154129 58418
83.528438 51886
58.855756 121304
58.872744 114350
21.023796 484830
105.309069 19988
23.259407 226360
75.894664 68112
63.126856 210432
64.031242 311684
27.856777 212822
76.837491 67088
79.511006 123288
12.000000 140436
98.412398 78930
95.692215 31334
83.725743 100028
85.164547 44616
98.858485 34426
55.758407 118098
83.743656 48056
82.000000 81812
105.550936 28826
59.933296 108856
43.174066 165786
15.524175 260348
88.391176 84250
102.927159 19216
88.413800 45520
78.892332 61864
99.764723 48062
52.354560 128724
95.817535 20650
37.656341 187404
88.865066 81120
60.811183 51778
10.816654 271998
22.825424 227232
74.726167 71884
88.842557 34310
26.627054 212096
77.000000 37122
87.132084 83348
83.737686 53448
42.755117 170208
92.282176 34290
12.083046 268472
84.154620 48542
87.235314 85830
14.422205 257180
63.253458 97038
66.007575 108078
105.678759 12832
66.753277 97756
86.539009 43030
86.729464 42072
61.326992 106286
12.649111 269974
75.000000 182514
95.634722 37884
67.446275 92108
41.976184 171724
43.908997 154050
89.944427 69054
75.538070 73126
76.419893 139972
75.504967 71296
87.965902 81736
80.529498 116198
95.801879 49690
42.941821 158122
81.252692 54504
92.455395 38248
34.985711 182952
102.859127 14116
102.004902 23800
100.955436 22966
88.752465 42432
98.432718 17138
90.005555 32142
105.815878 13734
83.024093 103956
47.927028 144298
89.554453 76500
87.846457 40782
104.957134 15558
28.319605 204520
24.331050 232542
82.298238 108162
82.927679 53210
54.378304 123276
76.791927 68242
71.000000 46086
106.018866 17204
41.036569 160812
106.004717 10226
86.209048 42802
55.569776 118690
51.429563 131902
54.488531 119416
87.709749 42360
93.770998 19860
69.123079 87888
48.414874 138342
27.730849 210372
79.259069 60610
107.335921 14122
99.849887 24470
83.868945 52654
54.000000 74206
55.154329 182754
19.697716 240366
51.739733 128240
73.389373 74282
60.959003 103274
68.359345 94712
72.090221 78144
69.375788 86318
69.771054 83740
90.906545 40720
47.265209 160484
73.171033 82092
24.351591 225348
6.000000 149998
71.281134 78994
97.984693 12444
65.122961 108176
103.768974 13424
26.832816 212488
94.148818 20602
103.469802 29750
68.154237 179154
84.504438 99394
41.761226 167744
83.671979 51120
34.176015 190398
104.446158 15220
46.572524 155046
46.065171 148778
106.831643 34874
94.000000 10200
64.560050 99786
74.732858 143826
86.127812 42454
83.862983 97582
82.661962 54740
110.453610 23408
18.788294 244058
63.411355 97164
82.365041 53980
5.656854 146668
72.470684 152796
53.366656 135292
53.141321 130926
85.959293 46058
72.027772 88296
88.459030 114658
76.000000 38534
84.314886 51502
67.186308 192628
101.118742 44530
31.320920 204790
94.403390 34310
79.605276 60140
99.809819 43932
60.166436 222696
95.126232 18104
48.600412 137200
87.783825 46018
94.847246 61014
82.879430 55422
111.830228 17364
95.084173 16214
48.795492 136706
86.371292 90440
63.513778 98106
88.073833 36478
92.357999 65262
49.678969 133848
97.637083 27648
36.345564 193446
82.200973 109534
87.458562 46360
100.722391 35050
88.283634 36108
84.534017 48998
68.767725 84288
79.101201 64542
109.178753 6618
98.737024 26250
42.638011 155120
45.310043 152816
15.652476 255766
109.603832 25998
100.000000 36092
37.854986 184308
53.488316 128958
95.441081 32390
104.651804 21686
96.772930 37672
97.508974 22220
72.138755 76422
85.381497 45250
87.464278 122944
99.327740 11648
58.189346 116612
67.029844 104680
65.969690 95972
24.207437 219040
76.236474 72650
88.769364 73808
83.432608 49660
97.575612 21322
68.541958 87564
104.403065 24658
78.243211 63776
67.268120 283338
85.988371 42416
89.286057 33530
102.883429 39260
81.221918 58172
81.215762 112524
85.842880 42772
80.894994 56362
93.380940 58826
67.882251 42360
67.357256 179910
91.389277 33000
111.646764 5734
96.301610 16874
56.824291 116598
73.375745 75204
41.012193 264638
62.641839 106126
51.884487 130570
93.021503 53728
45.617979 150472
109.836242 10582
66.241981 90786
64.140471 96648
66.309879 93208
84.308956 48642
98.473347 27308
36.891733 176832
51.788030 141954
76.400262 135716
81.123363 56224
81.987804 55122
70.263789 82296
75.179785 70914
27.313001 212038
81.932899 53014
75.392307 69102
34.713110 376848
87.572827 37908
74.168727 79190
17.804494 244426
95.880134 46694
61.717096 205402
48.083261 216106
81.498466 56156
75.153177 70754
36.796739 174512
86.452299 93968
84.852814 71520
56.089215 127886
67.201190 87432
67.911707 91100
78.185676 62502
4.472136 297480
84.386018 52928
22.627417 112520
85.094066 91696
80.399005 58962
102.156742 12032
104.292857 18826
74.525164 73304
97.514102 22772
77.935871 64446
94.132885 19078
90.338253 36818
81.049368 56458
87.315520 41190
83.934498 97810
75.953933 70918
48.052055 151842
71.805292 80308
66.211781 92838
100.623059 20676
78.447435 124550
60.926185 106578
76.609399 66334
100.244701 11510
102.649890 45716
43.266615 153632
89.677199 32260
89.827613 42490
112.160599 18332
80.224684 60376
90.022219 31920
73.334848 80524
36.000000 103108
101.513546 31166
96.337947 13790
103.353761 14768
88.022724 77190
107.042048 10748
101.607086 23412
97.744565 42776
40.024992 176870
74.303432 72148
74.202426 72260
25.059928 219650
93.493315 33930
78.108898 63460
64.513564 99496
60.901560 105182
71.386273 82736
74.040529 73664
79.006329 66416
77.646635 66618
56.293872 126536
101.212647 43984
61.854668 102280
77.252832 65110
41.868843 156616
92.130342 32902
86.377080 43352
86.556340 48488
88.408144 44646
99.744674 18310
91.219515 68792
92.849340 66090
86.769810 44008
92.779308 23098
100.568385 37504
104.861814 18008
81.400246 57202
103.310212 13770
65.741920 93778
90.088845 31444
91.301698 35454
51.613952 129754
85.070559 45932
25.317978 229400
85.445889 48858
55.145263 137898
64.327288 103518
65.520989 97090
100.881118 9164
79.378838 59708
99.040396 19682
93.107465 29476
37.443290 173740
59.008474 129604
40.459857 163138
108.046286 10470
77.336925 66518
85.428333 96188
81.271151 111606
42.579338 171790
66.121101 105336
61.587336 103542
93.920179 25168
84.770278 46302
93.520051 28880
80.752709 57172
102.078401 21918
79.177017 60618
48.754487 140496
59.228372 118136
93.214806 22588
70.327804 82392
42.296572 174628
84.758480 46482
44.911023 162084
101.710373 19426
107.782188 6802
92.477024 29776
69.856997 169914
86.954011 44380
82.328610 55816
37.589892 174584
104.809351 33884
53.413481 124152
76.537572 133550
110.276924 7464
53.000000 202236
65.030762 110534
95.509162 20928
11.313708 135176
99.322706 27878
79.611557 60096
109.288609 12474
86.925255 42802
81.608823 110406
82.419658 54696
105.475116 39910
73.763134 74306
65.007692 112072
91.411159 27344
82.134037 56872
96.005208 36116
98.371744 14206
86.608314 92298
85.632938 50838
76.006579 144434
94.936821 26330
84.646323 97490
83.168504 49870
32.526912 94698
97.061836 24386
63.158531 101078
26.870058 104382
91.400219 38846
15.231546 257772
100.319490 15782
71.610055 77830
96.332757 44600
95.462034 57508
94.625578 33674
98.061205 10600
60.074953 124342
89.140339 78336
80.504658 58058
67.416615 179060
88.543774 37258
33.301652 186936
109.000000 11842
43.289722 171194
69.720872 89140
88.549421 40386
65.145990 97854
55.027266 125496
51.224994 130016
100.224747 22674
83.450584 54600
76.275815 67096
67.955868 87086
94.302704 33918
69.231496 89568
48.877398 138992
80.000000 92488
77.175126 65594
76.380626 68094
82.758685 56518
109.553640 11402
99.126182 27154
4.000000 154312
95.425364 48288
57.697487 115866
86.214848 48066
56.639209 113994
70.859015 84644
101.788997 21180
73.109507 158416
97.046381 33752
71.253070 87382
85.562842 50642
80.411442 115070
92.649879 60698
102.693719 10086
112.898184 6740
100.344407 21142
43.382024 155970
51.107729 131588
55.172457 118634
103.773792 17590
56.008928 140308
63.387696 110382
67.941151 86244
93.962759 23810
78.032045 63130
57.489129 234496
92.892411 25222
76.896034 65758
102.420701 16146
73.437048 79732
80.049984 58560
92.800862 37404
94.667840 31770
79.555012 59886
100.463924 14088
73.000000 117768
86.838931 46668
91.831367 38744
48.466483 143926
61.220911 102032
72.615425 76640
90.210864 80402
99.362971 21466
83.054199 53902
54.451814 258188
85.276022 50440
87.618491 45724
64.776539 103936
79.202273 122372
75.604233 69706
63.890531 197184
16.401219 248532
62.433965 100706
67.364679 98228
72.124892 116864
78.587531 61936
61.057350 104876
97.123633 15882
80.610173 30036
71.867934 156856
34.655447 180580
86.278618 48840
91.181138 32432
92.135769 58384
77.826731 63926
72.732386 76682
69.289249 85404
65.490457 103162
91.586025 36662
80.024996 63518
87.367042 82878
106.531685 13838
105.588825 11368
95.566731 17460
93.813645 67662
39.962482 165622
107.823931 7890
17.888544 246542
106.892469 8242
88.362888 35322
77.491935 128096
101.980390 39648
89.537702 35294
90.917545 36892
61.098281 107674
68.658576 89884
85.603738 49320
95.859272 22164
100.184829 19268
86.162637 43744
63.702433 95782
85.912746 49256
93.263069 21206
81.412530 56314
79.711982 59752
107.354553 13532
108.300508 25178
107.186753 11850
25.455844 106866
67.424031 87426
93.145048 24900
98.229324 28108
50.635956 146324
91.093359 30560
89.453899 32410
32.802439 189106
69.871310 88414
102.625533 20170
66.490601 96386
76.687678 66950
70.682388 81044
97.097889 28236
104.560987 18228
100.801786 24754
78.434686 62284
90.376988 35872
56.000000 70444
68.949257 86178
67.000000 52920
58.898217 108114
102.800778 22140
77.698134 64896
93.236259 37218
106.508216 15676
90.824006 69440
88.639720 39160
95.341491 43252
58.240879 118196
87.097646 38840
86.700634 39404
90.972523 38698
72.897188 75810
83.648072 51458
22.671568 225630
79.881162 59432
80.131143 57830
109.274883 7672
104.307238 17532
80.802228 58042
82.637764 52474
97.498718 19326
72.277244 78644
107.647573 14870
80.262071 58926
86.353923 45208
79.924965 59194
80.454956 58558
84.876381 49678
96.829747 31108
78.600254 62812
68.476273 86342
102.459748 19702
78.873316 62744
96.664368 23348
105.546198 10364
106.887792 25384
66.843100 89222
73.027392 85352
96.876210 42608
99.317672 18632
49.000000 81680
79.630396 121604
84.214013 48442
92.784697 34050
97.693398 20104
9.000000 145542
80.448741 58944
83.952367 47666
65.436993 92262
86.533231 46640
77.820306 63218
83.192548 52626
102.474387 16338
81.688432 57444
90.697299 39446
74.706091 71208
78.721026 62740
85.088190 95188
82.969874 50082
87.982953 43336
96.000000 6544
97.128780 35632
48.846699 141974
104.316825 14786
66.603303 89040
76.661594 66332
96.798760 48930
102.727796 41608
87.823687 37164
60.141500 105324
81.786307 53446
31.112698 96206
111.516815 8128
96.130120 12652
42.801869 155374
101.400197 23716
72.691127 80594
92.720009 26098
96.690227 13564
90.000000 57230
96.150923 25588
69.404611 83828
110.136279 9472
100.284595 12230
99.538937 16134
101.636608 15866
70.802542 79494
68.014704 86656
86.579443 40220
100.702532 22256
78.568442 64364
89.938868 42794
53.814496 121622
108.240473 6770
93.722996 35884
56.885851 127302
100.169856 30300
103.464970 24962
105.990566 8898
84.628600 50136
96.648849 25836
97.989795 21204
108.226614 31468
102.200783 27476
86.585218 40732
48.548944 139762
101.533246 48670
100.209780 25696
63.000000 59664
90.796476 28640
101.079177 16680
108.466585 30336
89.587946 41218
73.573093 73116
67.683085 93490
84.023806 102630
101.552942 14616
106.254412 16482
101.237345 39384
101.965681 16126
89.308454 41670
63.655322 96632
98.843310 28346
8.485281 140548
62.225397 49970
97.169954 21814
110.941426 13622
12.727922 131064
87.045965 47404
103.004854 21742
86.821656 46090
88.192970 41964
75.822160 69030
57.000000 68572
52.697249 126998
89.693924 75852
106.550458 10866
99.864909 25326
114.865138 10680
102.941731 23290
111.018017 31078
115.520561 10290
101.178061 25766
101.548018 20618
96.938125 30946
109.224539 15874
115.624392 9678
113.569362 11486
119.473847 6106
107.056060 18180
112.432202 13384
113.070774 11556
118.697093 6716
96.896852 58742
107.517440 18226
82.680106 53238
101.833197 53878
79.981248 60596
114.402797 8478
111.040533 12834
104.656581 11768
119.096599 7316
100.895986 30994
106.794195 18958
102.176318 23788
79.000000 33836
106.216760 19046
90.686272 41244
106.042444 20742
99.729635 19594
98.595132 28604
107.898100 14250
82.079230 53784
103.406963 26382
111.036030 14694
105.418215 20500
101.138519 31048
101.518471 16438
97.948966 52468
114.769334 10984
105.603030 26216
99.247166 38902
114.477072 9938
99.085821 27748
106.103723 25140
114.808536 8776
104.062481 27114
57.567352 118962
104.637469 20198
103.324731 22878
107.935166 18908
94.514549 30584
74.625733 71430
100.419122 26428
99.005050 49896
65.375837 104086
111.198022 14552
113.850780 10354
97.908120 27854
104.995238 20470
101.044545 25174
108.977062 16724
111.803399 13816
97.836598 29640
91.967386 39000
118.067777 6886
102.615788 25606
105.759160 19446
106.301458 18672
110.602893 12950
97.580736 14670
95.671312 32752
101.316336 25654
110.887330 13478
102.044108 13058
93.000000 11224
75.471849 69078
98.994949 20206
108.245092 17542
101.872469 19830
107.168092 17694
112.449989 13192
110.751975 13614
91.065910 37686
112.200713 10830
119.854078 8774
114.978259 10192
103.812331 20568
109.986363 15230
114.337221 10656
113.216607 12828
92.633687 37522
99.488693 27170
108.074049 16734
80.709355 58400
94.031909 32612
79.931220 60946
106.667708 18038
112.414412 9842
115.420969 8864
70.342022 84164
106.075445 20268
102.303470 23622
116.661905 8056
113.701363 10858
111.521298 12948
87.681241 22942
104.737768 20734
99.904955 26310
112.538882 13194
110.317723 15698
115.256236 9212
84.958814 50878
120.615090 5796
115.000000 8120
105.380264 20238
100.239713 20344
89.044932 41798
116.211015 11508
121.379570 5266
104.004808 22180
115.801554 7068
103.392456 22668
113.899078 12082
110.258786 13670
119.205705 6806
97.200823 30128
108.189648 17540
114.586212 15768
106.962610 18576
115.208507 7160
94.794515 34238
98.310732 37568
116.516093 8686
120.507261 6254
112.893755 8092
105.152271 15678
107.712581 17700
90.509668 20566
112.485555 13182
111.287915 14058
103.585713 39516
85.755466 47828
118.444080 7468
119.970830 6210
113.225439 9022
110.634533 14214
91.983694 26664
99.035347 28448
116.400172 6792
117.686023 8118
100.448992 28662
101.828287 23994
43.462628 156194
99.824847 33414
107.489534 18244
108.811764 14072
96.426138 31678
111.395691 13310
117.443603 7290
109.877204 15234
88.481637 43032
108.208133 17350
104.661359 21276
110.421918 13492
109.343495 15548
99.357939 27622
117.613775 6642
104.484449 21284
93.348808 36452
97.590983 29870
112.044634 12894
109.786156 15698
111.722871 7118
115.883562 8990
121.264174 5574
106.775465 21160
113.463651 7784
106.826963 17584
91.934759 38980
116.103402 9888
110.801625 12138
107.563934 17992
104.890419 20482
105.422958 19534
97.621719 39472
108.853112 15492
94.069124 35628
77.420927 65478
111.251966 10738
111.946416 13426
102.591423 23562
106.400188 17266
91.263355 39468
98.407317 28698
113.004425 9972
103.174609 19754
114.109596 11130
110.390217 15506
109.658561 22110
100.767058 25804
110.385687 10424
101.823376 12402
99.704564 27410
108.931171 16932
101.414989 27800
114.021928 11986
103.479467 22440
113.454837 12062
108.231234 15952
108.004630 15266
116.038787 8246
110.208893 12572
105.361283 20818
117.923704 7720
114.634201 9612
110.435502 11770
116.275535 9598
116.387285 9182
76.367532 34274
80.919713 58274
115.433964 19910
111.825757 13936
98.112181 24062
88.836929 41492
79.322128 61200
106.526992 18382
109.041277 29522
102.825094 23662
101.862653 24280
100.264650 26384
99.156442 27754
101.911727 24298
85.883642 46634
115.364639 10722
94.175368 35422
113.811247 8750
111.072049 14740
103.237590 11216
116.846053 9398
95.587656 32918
64.000000 57786
122.024588 4782
109.622078 29404
89.894382 37712
97.247108 25944
110.308658 7738
114.214710 10992
103.947102 22026
111.731822 14008
103.600193 21212
106.150836 19648
108.903627 17142
90.735880 37758
106.606754 16804
107.200746 16076
104.690019 21384
118.342723 7790
107.415083 15774
60.530984 117526
117.515956 9098
114.629839 11462
104.804580 21310
113.951744 12040
110.344914 15470
105.000000 18910
107.800742 15616
118.562220 7596
120.104121 6730
111.758669 14016
109.859001 11992
102.532922 23654
111.772090 8674
116.180893 10036
85.422479 46940
101.671038 24242
117.004273 6622
103.754518 12264
118.228592 6298
107.447662 17096
102.215459 18770
108.600184 14678
108.374351 17374
110.679718 11032
109.480592 15038
109.018347 15158
105.801701 17962
110.535062 19582
113.229855 10854
115.602768 7832
97.754795 25986
112.698713 12714
104.350371 21300
113.278418 12648
104.139330 21382
115.312619 11116
102.068604 24672
119.004202 7526
93.338095 18368
114.201576 9186
112.329871 8846
111.400180 11864
119.331471 6632
115.108644 15474
112.800709 10368
113.600176 9592
117.796435 7930
100.687636 32088
112.004464 16154
113.357840 12076
111.126055 14358
105.891454 19022
112.294256 13986
111.211510 12508
116.777566 9398
103.966341 22296
108.894444 8234
112.645462 9102
107.480231 9160
111.865991 13954
114.039467 7658
117.290238 7884
80.430094 59054
119.753914 6890
97.185390 40012
112.805142 12176
103.276328 22700
112.609946 12936
105.261579 19664
111.664677 12546
113.145923 12940
89.095454 21844
64.443774 94482
94.752309 17444
107.628992 18214
115.745410 9392
110.000000 13086
114.690889 11354
97.000000 35818
111.503363 10012
108.577162 16518
104.019229 20762
116.043095 9996
95.482983 33296
103.711137 21388
114.621115 7578
107.298649 17710
107.004673 16606
113.172435 12572
120.739389 5532
117.034183 8698
117.153745 8280
112.614386 10834
103.315052 12376
109.713263 16040
100.409163 13176
114.017543 9630
110.059075 4948
102.576800 17660
102.449988 23090
106.620823 4200
102.357218 2570
117.200683 6236
100.019998 5766
121.247680 1036
105.645634 19848
114.856432 6838
120.432554 2196
116.503219 2706
120.602653 3694
101.000000 2714
106.451867 7176
103.740060 2424
98.020406 7138
104.923782 6244
116.249731 5338
108.337436 1880
116.764721 3628
102.142058 6928
111.507847 4904
108.908218 8916
115.676272 5820
109.590146 6666
103.092192 4862
98.508883 6730
109.123783 20090
99.080775 3240
113.371072 3318
98.045908 6914
100.005000 27118
100.806746 2800
99.689518 7920
97.329338 9584
110.909873 1706
121.400165 2748
116.606175 6250
111.606451 11080
116.017240 6446
117.324337 3534
99.609237 2830
118.460964 3236
104.388697 8014
117.068356 4408
100.960388 7376
98.290386 29386
122.200655 1926
101.867561 2456
117.046999 2724
118.152444 2476
92.612094 30774
97.867257 8838
123.004065 918
117.885538 1210
97.020616 10128
112.071406 9752
120.801490 2782
102.489024 5260
117.345643 1300
112.507778 4552
98.325988 6816
118.224363 4032
122.004098 2720
115.247560 1400
109.201648 14384
100.662803 5584
120.000000 3750
121.605921 2048
99.141313 5932
99.181652 3160
118.431415 1166
119.201510 4694
103.817147 6226
107.786827 5182
119.281180 2328
97.252249 9176
98.249682 6644
106.404887 21294
119.540788 1120
103.160070 2262
117.643529 4462
122.800651 1990
114.057003 3998
115.762688 1386
98.127468 7064
108.724422 12574
99.000000 1672
110.462663 1734
113.534136 4184
113.406349 10098
103.855669 21576
115.121675 4070
98.731960 6544
110.476242 3630
112.871608 3456
102.786186 11776
110.018180 3262
117.889779 3460
119.620232 2906
116.498927 4618
117.800679 5822
118.004237 5066
116.824655 7734
113.718952 7396
108.258949 3764
107.814656 17160
106.929884 5706
103.232747 22154
105.342299 2034
100.129916 2922
115.965512 8032
99.503769 3106
123.600162 972
107.018690 3920
108.756609 11124
105.702412 5842
119.808180 4594
105.109467 4576
118.848643 6298
109.165013 1782
104.546640 6190
120.208153 6494
121.827747 6782
112.929181 11902
114.236597 1494
118.983192 1134
107.154095 1872
105.095195 10518
110.675200 9286
109.808925 13820
99.408249 3248
113.017698 4614
110.022725 1782
101.921538 5304
98.000000 3634
117.596769 2546
103.619496 8226
104.675690 2182
120.420098 4552
114.738834 1450
101.202767 2700
121.016528 8602
116.828935 5274
114.825955 4736
98.655968 8286
115.663304 4024
119.402680 3910
113.991228 6182
112.445542 11726
101.651365 5244
102.107786 2404
105.848949 4300
113.159180 7574
105.004762 2168
108.673824 5214
114.908659 2676
116.284135 1304
119.037809 3176
104.355163 2138
109.931797 8658
108.558740 10164
121.210561 3734
84.433406 47024
106.512910 5636
108.747414 1866
117.413798 14508
112.058021 7672
109.128365 5230
99.463561 14158
113.877127 3052
86.000000 23004
103.121288 6542
104.752088 4550
116.811814 1336
122.413235 954
118.600169 5002
108.687626 3742
118.810774 4040
104.177733 6208
114.546934 6084
107.837841 4002
115.935327 4794
106.212052 18244
114.389685 3130
109.567331 3600
111.413644 3384
112.378824 3100
113.251932 1576
111.364267 1566
109.402925 13368
98.152942 8356
114.284732 6922
122.441823 3356
121.823643 3512
123.227432 2688
116.931604 9088
123.065023 3294
118.406081 5654
123.846679 2450
120.880106 4910
119.016806 5644
109.635761 14278
120.253898 5254
122.286549 4066
115.377641 4818
121.511316 4630
122.613213 2758
119.632771 5446
121.659361 4136
111.892806 3404
116.000000 10476
118.088950 9106
122.429572 5774
123.036580 2874
117.379726 4876
118.869677 8178
113.863954 11902
118.928550 8060
123.794184 4786
124.450793 2430
124.739729 3520
123.044707 5532
120.933866 7020
125.872952 3978
114.560028 11480
130.176803 1796
127.310644 3230
122.331517 5874
125.936492 3750
125.207827 4232
127.475488 2640
120.216471 7204
122.347865 5954
125.865007 1918
122.380554 6014
115.277925 11216
125.319591 3926
121.165177 6280
123.328829 4678
123.166554 5252
127.988281 3130
118.190524 8626
128.082005 2684
122.576507 5106
123.761868 4990
123.069086 5408
126.589889 3748
127.287077 3432
129.448832 2298
125.992063 3488
124.482931 4812
121.753850 6022
124.458829 4760
125.896783 3938
120.415946 6700
116.726175 9964
124.843903 3254
119.603512 7752
122.494898 5610
121.655251 6490
123.907223 4762
120.241424 7450
121.630588 6392
126.150704 3088
117.456375 9082
128.724512 2650
125.399362 3500
123.555655 3582
119.519873 7808
125.255738 4120
131.529464 1578
121.696343 6448
115.974135 10652
128.003906 2974
119.553335 7804
120.341182 7040
130.816666 1994
118.258192 8248
123.109707 5352
129.402473 2540
132.230859 1458
126.810883 2876
117.388245 9312
129.417928 2322
118.105885 8670
132.245983 1340
127.279221 1582
113.846388 12002
121.037184 4376
132.943597 1114
119.503138 8090
120.917327 6678
123.842642 4954
118.827606 8250
128.763349 2492
126.732001 3126
117.592517 8416
119.670381 7332
130.138388 1984
116.691902 10384
115.260574 11098
122.788436 4288
128.144450 2392
126.668860 3094
129.495174 2094
118.139748 8614
123.239604 4866
126.621483 3540
127.349912 3034
122.918672 3720
125.159898 4298
121.918005 5416
122.147452 4550
116.674762 9688
120.966938 7098
124.579292 4246
118.793939 4188
124.084649 3860
124.523090 4536
123.987903 4202
123.745707 5166
131.552271 1518
128.035151 2802
126.574089 3632
124.197423 3488
130.862523 1660
124.651514 4184
131.521861 838
128.701204 2678
130.831953 1874
120.283000 7196
123.434193 4180
127.404866 2882
128.693434 1432
125.495020 3134
122.674366 4674
130.107648 1066
125.175876 4404
112.769677 1550
118.713942 2352
120.673112 978
118.802357 8348
114.551299 5906
113.137085 6374
121.622366 3096
123.693169 3158
124.470880 2186
127.283149 612
124.807852 832
125.251746 1588
126.506917 1348
128.425075 1308
124.963995 2698
127.663621 1768
129.073622 1166
124.201449 866
126.063476 3310
129.189783 596
129.834510 588
125.876924 1370
127.561750 2456
124.016128 1838
127.141653 1340
125.419297 748
126.657017 722
126.372465 1946
126.253713 2330
121.082616 6438
128.549601 598
125.099960 2220
127.914034 622
128.316016 1752
125.606528 2632
127.781063 1274
125.733846 2084
124.631457 1692
126.905477 2440
130.908365 1522
128.222463 2182
128.817701 2222
124.326184 3022
130.115333 2092
132.966161 1166
133.660016 980
128.887548 1974
130.230565 1658
132.276226 1272
131.590273 1364
129.556937 1776
127.015747 1848
123.405835 1840
133.003759 946
130.969462 1242
133.734812 672
130.384048 1000
131.045794 952
132.382023 778
133.689940 814
131.643458 1148
128.972865 1728
129.726636 1130
133.056379 664
131.711807 906
129.634100 1482
134.417261 672
132.321578 990
130.299655 1318
133.645052 888
134.350288 428
134.357731 752
135.059246 682
132.936075 600
126.035709 682
133.124002 338
135.793962 500
135.103664 548
136.517398 206
133.794619 322
136.488095 396
137.207871 178
130.483715 508
135.148067 306
131.795296 370
135.771867 528
132.457540 390
135.830777 284
135.074054 632
131.137333 460
134.380058 820
136.473441 466
137.186005 362
137.178716 210
135.764502 310
137.887635 294
138.592929 100
134.469327 274
139.301831 70
137.902139 138
138.600144 126
140.007143 10
